step_idx	elapsed_s	status	reverse_active	path_reverse_active	stuck_detection_armed	planner_rebuilt	replan_attempted	raw_path_points	follow_path_points	active_path_points	raw_rover_x	raw_rover_y	raw_rover_z	raw_heading_deg	rover_x_cm	rover_y_cm	rover_z_cm	rover_heading_deg	raw_pose_delta	pose_delta_cm	telemetry_throttle	telemetry_steering	telemetry_speed	telemetry_brakes	telemetry_distance_traveled	distance_traveled_delta	moved_since_anchor_cm	stationary_elapsed_s	goal_x_cm	goal_y_cm	goal_dist_cm	target_x_cm	target_y_cm	rover_cell_x	rover_cell_y	target_cell_x	target_cell_y	waypoint_idx	waypoint_distance_cm	waypoint_distance_avg_cm	path_heading_error_deg	throttle_cmd	steering_cmd	new_lidar_obstacles	stuck_obstacles_added	obstacle_total
0	0.000	Running	0	0	0	0	0	0	649	649	-5669.700	-10074.500	1440.300	179.700	-270.020	1740.039	29.999	-89.700	0.000	0.000	0.000	0.000	0.000	1	0.800	0.000	0.000	0.000	-4270.020	-2259.961	5656.854	-573.573	1436.486	104	104	97	97	57	429.289	429.289	-45.300	18.000	-1.000	0	0	0
1	0.280	Running	0	0	0	0	0	0	649	649	-5669.700	-10074.500	1440.300	179.700	-270.020	1740.039	29.999	-89.700	0.000	0.000	18.000	1.000	0.000	0	0.800	0.000	0.000	0.280	-4270.020	-2259.961	5656.854	-573.573	1436.486	104	104	97	97	57	429.289	429.289	-45.300	18.000	-1.000	0	0	0
2	0.530	Running	0	0	0	0	0	0	649	649	-5669.700	-10074.500	1440.300	179.700	-270.020	1740.039	29.999	-89.700	0.000	0.000	18.000	1.000	0.000	0	0.800	0.000	0.000	0.530	-4270.020	-2259.961	5656.854	-573.573	1436.486	104	104	97	97	57	429.289	429.289	-45.300	18.000	-1.000	0	0	0
3	0.778	Running	0	0	0	0	0	0	649	649	-5669.700	-10074.500	1440.300	179.700	-270.020	1740.039	29.999	-89.700	0.000	0.000	18.000	1.000	0.000	0	0.800	0.000	0.000	0.778	-4270.020	-2259.961	5656.854	-573.573	1436.486	104	104	97	97	57	429.289	429.289	-45.300	18.000	-1.000	0	0	0
4	1.072	Running	0	0	0	0	0	0	649	649	-5669.700	-10074.500	1440.300	179.700	-270.020	1740.039	29.999	-89.700	0.000	0.000	18.000	1.000	0.000	0	0.800	0.000	0.000	1.072	-4270.020	-2259.961	5656.854	-573.573	1436.486	104	104	97	97	57	429.289	429.289	-45.300	18.000	-1.000	0	0	0
5	1.309	Running	0	0	0	0	0	0	649	649	-5669.700	-10074.500	1440.300	179.700	-270.020	1740.039	29.999	-89.700	0.000	0.000	18.000	1.000	0.000	0	0.800	0.000	0.000	1.309	-4270.020	-2259.961	5656.854	-573.573	1436.486	104	104	97	97	57	429.289	429.289	-45.300	18.000	-1.000	0	0	0
6	1.543	Running	0	0	0	0	0	0	649	649	-5669.700	-10074.500	1440.300	179.700	-270.020	1740.039	29.999	-89.700	0.000	0.000	18.000	1.000	0.000	0	0.800	0.000	0.000	1.543	-4270.020	-2259.961	5656.854	-573.573	1436.486	104	104	97	97	57	429.289	429.289	-45.300	18.000	-1.000	0	0	0
7	1.772	Running	0	0	0	0	0	0	649	649	-5669.700	-10074.500	1440.300	179.700	-270.020	1740.039	29.999	-89.700	0.000	0.000	18.000	1.000	0.200	0	0.900	0.100	0.000	1.772	-4270.020	-2259.961	5656.854	-573.573	1436.486	104	104	97	97	57	429.289	429.289	-45.300	18.000	-1.000	0	0	0
8	2.002	Running	0	0	0	0	0	0	649	649	-5669.700	-10074.500	1440.300	179.700	-270.020	1740.039	29.999	-89.700	0.000	0.000	18.000	1.000	0.200	0	0.900	0.000	0.000	2.002	-4270.020	-2259.961	5656.854	-573.573	1436.486	104	104	97	97	57	429.289	429.289	-45.300	18.000	-1.000	0	0	0
9	2.237	Running	0	0	0	0	0	0	649	649	-5669.700	-10074.500	1440.300	179.700	-270.020	1740.039	29.999	-89.700	0.000	0.000	18.000	1.000	0.200	0	0.900	0.000	0.000	2.237	-4270.020	-2259.961	5656.854	-573.573	1436.486	104	104	97	97	57	429.289	429.289	-45.300	18.000	-1.000	0	0	0
10	2.487	Running	0	0	0	0	0	0	649	649	-5669.700	-10074.500	1440.300	179.700	-270.020	1740.039	29.999	-89.700	0.000	0.000	18.000	1.000	0.200	0	0.900	0.000	0.000	2.487	-4270.020	-2259.961	5656.854	-573.573	1436.486	104	104	97	97	57	429.289	429.289	-45.300	18.000	-1.000	0	0	0
11	2.741	Running	0	0	1	0	0	0	649	642	-5669.700	-10074.601	1440.300	180.100	-270.020	1729.980	29.999	-90.100	0.101	10.059	18.000	1.000	0.400	0	0.900	0.000	10.059	0.000	-4270.020	-2259.961	5649.746	-623.573	1386.486	104	103	96	96	58	492.939	434.593	-48.505	18.000	-1.000	0	0	0
12	3.012	Running	0	0	1	0	0	0	649	642	-5669.700	-10074.601	1440.300	180.100	-270.020	1729.980	29.999	-90.100	0.000	0.000	18.000	1.000	0.400	0	0.900	0.000	0.000	0.000	-4270.020	-2259.961	5649.746	-623.573	1386.486	104	103	96	96	58	492.939	439.082	-48.505	18.000	-1.000	0	0	0
13	3.408	Running	0	0	1	0	0	0	649	642	-5669.700	-10074.601	1440.300	180.100	-270.020	1729.980	29.999	-90.100	0.000	0.000	18.000	1.000	0.400	0	0.900	0.000	0.000	0.000	-4270.020	-2259.961	5649.746	-623.573	1386.486	104	103	96	96	58	492.939	442.928	-48.505	18.000	-1.000	0	0	0
14	3.683	Running	0	0	1	0	0	0	649	641	-5669.800	-10074.601	1440.300	180.700	-280.029	1729.980	29.999	-90.700	0.100	10.010	18.000	1.000	0.600	0	0.900	0.000	10.010	0.000	-4270.020	-2259.961	5642.664	-633.583	1376.476	103	103	96	96	59	499.965	446.731	-44.316	18.000	-1.000	0	0	0
15	3.956	Running	0	0	1	0	0	0	649	641	-5669.800	-10074.601	1440.300	180.700	-280.029	1729.980	29.999	-90.700	0.000	0.000	18.000	1.000	0.600	0	0.900	0.000	0.000	0.000	-4270.020	-2259.961	5642.664	-633.583	1376.476	103	103	96	96	59	499.965	450.058	-44.316	18.000	-1.000	0	0	0
16	4.222	Running	0	0	1	0	0	0	649	641	-5669.800	-10074.601	1440.300	180.700	-280.029	1729.980	29.999	-90.700	0.000	0.000	18.000	1.000	0.600	0	0.900	0.000	0.000	0.000	-4270.020	-2259.961	5642.664	-633.583	1376.476	103	103	96	96	59	499.965	452.994	-44.316	18.000	-1.000	0	0	0
17	4.486	Running	0	0	1	0	0	0	649	641	-5669.800	-10074.601	1440.300	180.700	-280.029	1729.980	29.999	-90.700	0.000	0.000	18.000	1.000	0.600	0	0.900	0.000	0.000	0.000	-4270.020	-2259.961	5642.664	-633.583	1376.476	103	103	96	96	59	499.965	455.603	-44.316	18.000	-1.000	0	0	0
18	4.764	Running	0	0	1	0	0	0	649	640	-5669.800	-10074.700	1440.300	181.600	-280.029	1720.020	29.999	-91.600	0.100	9.961	18.000	1.000	0.800	0	1.000	0.100	9.961	0.000	-4270.020	-2259.961	5635.625	-633.583	1376.476	103	103	96	96	58	492.973	457.570	-46.987	18.000	-1.000	0	0	0
19	5.025	Running	0	0	1	0	0	0	649	640	-5669.800	-10074.700	1440.300	181.600	-280.029	1720.020	29.999	-91.600	0.000	0.000	18.000	1.000	0.800	0	1.000	0.000	0.000	0.000	-4270.020	-2259.961	5635.625	-633.583	1376.476	103	103	96	96	58	492.973	459.340	-46.987	18.000	-1.000	0	0	0
20	5.291	Running	0	0	1	0	0	0	649	640	-5669.800	-10074.700	1440.300	181.600	-280.029	1720.020	29.999	-91.600	0.000	0.000	18.000	1.000	0.800	0	1.000	0.000	0.000	0.000	-4270.020	-2259.961	5635.625	-633.583	1376.476	103	103	96	96	58	492.973	460.942	-46.987	18.000	-1.000	0	0	0
21	5.721	Running	0	0	1	0	0	0	649	640	-5669.800	-10074.700	1440.300	182.500	-280.029	1720.020	29.999	-92.500	0.000	0.000	18.000	1.000	0.900	0	1.100	0.100	0.000	0.000	-4270.020	-2259.961	5635.625	-633.583	1376.476	103	103	96	96	58	492.973	462.398	-46.087	18.000	-1.000	0	0	0
22	5.981	Running	0	0	1	0	0	0	649	640	-5669.800	-10074.700	1440.300	182.500	-280.029	1720.020	29.999	-92.500	0.000	0.000	18.000	1.000	0.900	0	1.100	0.000	0.000	0.000	-4270.020	-2259.961	5635.625	-633.583	1376.476	103	103	96	96	58	492.973	463.727	-46.087	18.000	-1.000	0	0	0
23	6.241	Running	0	0	1	0	0	0	649	640	-5669.800	-10074.700	1440.300	182.500	-280.029	1720.020	29.999	-92.500	0.000	0.000	18.000	1.000	0.900	0	1.100	0.000	0.000	0.000	-4270.020	-2259.961	5635.625	-633.583	1376.476	103	103	96	96	58	492.973	464.946	-46.087	18.000	-1.000	0	0	0
24	6.548	Running	0	0	1	0	0	0	649	640	-5669.800	-10074.700	1440.300	182.500	-280.029	1720.020	29.999	-92.500	0.000	0.000	18.000	1.000	0.900	0	1.100	0.000	0.000	0.000	-4270.020	-2259.961	5635.625	-633.583	1376.476	103	103	96	96	58	492.973	466.067	-46.087	18.000	-1.000	0	0	0
25	6.816	Running	0	0	1	0	0	0	649	640	-5669.800	-10074.700	1440.300	182.500	-280.029	1720.020	29.999	-92.500	0.000	0.000	18.000	1.000	0.900	0	1.100	0.000	0.000	0.000	-4270.020	-2259.961	5635.625	-633.583	1376.476	103	103	96	96	58	492.973	467.102	-46.087	18.000	-1.000	0	0	0
26	7.108	Running	0	0	1	0	0	0	649	638	-5669.900	-10074.900	1440.300	183.900	-289.990	1700.000	29.999	-93.900	0.224	22.361	18.000	1.000	1.100	0	1.200	0.100	22.361	0.000	-4270.020	-2259.961	5614.439	-643.544	1366.515	103	103	96	96	57	486.017	467.802	-48.739	18.000	-1.000	0	0	0
27	7.369	Running	0	0	1	0	0	0	649	638	-5669.900	-10074.900	1440.300	183.900	-289.990	1700.000	29.999	-93.900	0.000	0.000	18.000	1.000	1.100	0	1.200	0.000	0.000	0.000	-4270.020	-2259.961	5614.439	-643.544	1366.515	103	103	96	96	57	486.017	468.453	-48.739	18.000	-1.000	0	0	0
28	7.635	Running	0	0	1	0	0	0	649	638	-5669.900	-10074.900	1440.300	183.900	-289.990	1700.000	29.999	-93.900	0.000	0.000	18.000	1.000	1.100	0	1.200	0.000	0.000	0.000	-4270.020	-2259.961	5614.439	-643.544	1366.515	103	103	96	96	57	486.017	469.058	-48.739	18.000	-1.000	0	0	0
29	7.902	Running	0	0	1	0	0	0	649	637	-5669.900	-10075.000	1440.300	185.400	-289.990	1690.039	29.999	-95.400	0.100	9.961	18.000	1.000	1.300	0	1.300	0.100	9.961	0.000	-4270.020	-2259.961	5607.418	-643.544	1366.515	103	103	96	96	56	479.237	469.398	-51.733	18.000	-1.000	0	0	0
30	8.169	Running	0	0	1	0	0	0	649	637	-5669.900	-10075.000	1440.300	185.400	-289.990	1690.039	29.999	-95.400	0.000	0.000	18.000	1.000	1.300	0	1.300	0.000	0.000	0.000	-4270.020	-2259.961	5607.418	-643.544	1366.515	103	103	96	96	56	479.237	469.715	-51.733	18.000	-1.000	0	0	0
31	8.441	Running	0	0	1	0	0	0	649	637	-5669.900	-10075.000	1440.300	185.400	-289.990	1690.039	29.999	-95.400	0.000	0.000	18.000	1.000	1.300	0	1.300	0.000	0.000	0.000	-4270.020	-2259.961	5607.418	-643.544	1366.515	103	103	96	96	56	479.237	470.013	-51.733	18.000	-1.000	0	0	0
32	8.702	Running	0	0	1	0	0	0	649	635	-5670.000	-10075.101	1440.300	187.300	-300.000	1679.980	29.999	-97.300	0.142	14.191	18.000	1.000	1.500	0	1.400	0.100	14.191	0.000	-4270.020	-2259.961	5593.227	-653.553	1356.505	103	102	96	96	56	479.204	470.291	-49.857	18.000	-1.000	0	0	0
33	8.960	Running	0	0	1	0	0	0	649	635	-5670.000	-10075.101	1440.300	187.300	-300.000	1679.980	29.999	-97.300	0.000	0.000	18.000	1.000	1.500	0	1.400	0.000	0.000	0.000	-4270.020	-2259.961	5593.227	-653.553	1356.505	103	102	96	96	56	479.204	470.553	-49.857	18.000	-1.000	0	0	0
34	9.222	Running	0	0	1	0	0	0	649	635	-5670.000	-10075.101	1440.300	187.300	-300.000	1679.980	29.999	-97.300	0.000	0.000	18.000	1.000	1.500	0	1.400	0.000	0.000	0.000	-4270.020	-2259.961	5593.227	-653.553	1356.505	103	102	96	96	56	479.204	470.800	-49.857	18.000	-1.000	0	0	0
35	9.522	Running	0	0	1	0	0	0	649	635	-5670.000	-10075.101	1440.300	187.300	-300.000	1679.980	29.999	-97.300	0.000	0.000	18.000	1.000	1.500	0	1.400	0.000	0.000	0.000	-4270.020	-2259.961	5593.227	-653.553	1356.505	103	102	96	96	56	479.204	471.034	-49.857	18.000	-1.000	0	0	0
36	9.786	Running	0	0	1	0	0	0	649	635	-5670.000	-10075.101	1440.300	187.300	-300.000	1679.980	29.999	-97.300	0.000	0.000	18.000	1.000	1.500	0	1.400	0.000	0.000	0.000	-4270.020	-2259.961	5593.227	-653.553	1356.505	103	102	96	96	56	479.204	471.255	-49.857	18.000	-1.000	0	0	0
37	10.051	Running	0	0	1	0	0	0	649	634	-5670.000	-10075.300	1440.300	189.300	-300.000	1660.058	29.999	-99.300	0.199	19.922	18.000	1.000	1.700	0	1.600	0.200	19.922	0.000	-4270.020	-2259.961	5579.212	-653.553	1356.505	103	102	96	96	55	465.988	471.116	-58.370	18.000	-1.000	0	0	0
38	10.309	Running	0	0	1	0	0	0	649	634	-5670.000	-10075.300	1440.300	189.300	-300.000	1660.058	29.999	-99.300	0.000	0.000	18.000	1.000	1.700	0	1.600	0.000	0.000	0.000	-4270.020	-2259.961	5579.212	-653.553	1356.505	103	102	96	96	55	465.988	470.985	-58.370	18.000	-1.000	0	0	0
39	10.593	Running	0	0	1	0	0	0	649	634	-5670.000	-10075.300	1440.300	189.300	-300.000	1660.058	29.999	-99.300	0.000	0.000	18.000	1.000	1.700	0	1.600	0.000	0.000	0.000	-4270.020	-2259.961	5579.212	-653.553	1356.505	103	102	96	96	55	465.988	470.860	-58.370	18.000	-1.000	0	0	0
40	10.863	Running	0	0	1	0	0	0	649	632	-5670.100	-10075.400	1440.300	191.600	-310.010	1650.000	29.999	-101.600	0.142	14.191	18.000	1.000	1.800	0	1.800	0.200	14.191	0.000	-4270.020	-2259.961	5565.022	-663.563	1346.495	103	102	96	96	54	465.956	470.740	-56.098	18.000	-1.000	0	0	0
41	11.171	Running	0	0	1	0	0	0	649	632	-5670.100	-10075.400	1440.300	191.600	-310.010	1650.000	29.999	-101.600	0.000	0.000	18.000	1.000	1.800	0	1.800	0.000	0.000	0.000	-4270.020	-2259.961	5565.022	-663.563	1346.495	103	102	96	96	54	465.956	470.626	-56.098	18.000	-1.000	0	0	0
42	11.439	Running	0	0	1	0	0	0	649	632	-5670.100	-10075.400	1440.300	191.600	-310.010	1650.000	29.999	-101.600	0.000	0.000	18.000	1.000	1.800	0	1.800	0.000	0.000	0.000	-4270.020	-2259.961	5565.022	-663.563	1346.495	103	102	96	96	54	465.956	470.518	-56.098	18.000	-1.000	0	0	0
43	11.703	Running	0	0	1	0	0	0	649	630	-5670.200	-10075.601	1440.300	193.900	-320.020	1629.980	29.999	-103.900	0.224	22.382	18.000	1.000	2.000	0	2.000	0.200	22.382	0.000	-4270.020	-2259.961	5543.838	-673.573	1336.486	103	101	95	95	54	459.499	470.267	-59.811	18.000	-1.000	0	0	0
44	11.997	Running	0	0	1	0	0	0	649	630	-5670.200	-10075.601	1440.300	193.900	-320.020	1629.980	29.999	-103.900	0.000	0.000	18.000	1.000	2.000	0	2.000	0.000	0.000	0.000	-4270.020	-2259.961	5543.838	-673.573	1336.486	103	101	95	95	54	459.499	470.028	-59.811	18.000	-1.000	0	0	0
45	12.272	Running	0	0	1	0	0	0	649	630	-5670.200	-10075.601	1440.300	193.900	-320.020	1629.980	29.999	-103.900	0.000	0.000	18.000	1.000	2.000	0	2.000	0.000	0.000	0.000	-4270.020	-2259.961	5543.838	-673.573	1336.486	103	101	95	95	54	459.499	469.799	-59.811	18.000	-1.000	0	0	0
46	12.542	Running	0	0	1	0	0	0	649	630	-5670.200	-10075.601	1440.300	193.900	-320.020	1629.980	29.999	-103.900	0.000	0.000	18.000	1.000	2.000	0	2.000	0.000	0.000	0.000	-4270.020	-2259.961	5543.838	-673.573	1336.486	103	101	95	95	54	459.499	469.580	-59.811	18.000	-1.000	0	0	0
47	12.836	Running	0	0	1	0	0	0	649	628	-5670.300	-10075.700	1440.400	196.300	-330.029	1620.020	39.996	-106.300	0.173	17.302	18.000	1.000	2.100	0	2.200	0.200	14.121	0.000	-4270.020	-2259.961	5529.717	-683.583	1326.476	102	101	95	95	54	459.530	469.370	-57.381	18.000	-0.971	0	0	0
48	13.112	Running	0	0	1	0	0	0	649	628	-5670.300	-10075.700	1440.400	196.300	-330.029	1620.020	39.996	-106.300	0.000	0.000	18.000	0.971	2.100	0	2.200	0.000	0.000	0.000	-4270.020	-2259.961	5529.717	-683.583	1326.476	102	101	95	95	54	459.530	469.170	-57.381	18.000	-0.971	0	0	0
49	13.384	Running	0	0	1	0	0	0	649	628	-5670.300	-10075.700	1440.400	196.300	-330.029	1620.020	39.996	-106.300	0.000	0.000	18.000	0.971	2.100	0	2.200	0.000	0.000	0.000	-4270.020	-2259.961	5529.717	-683.583	1326.476	102	101	95	95	54	459.530	468.977	-57.381	18.000	-0.971	0	0	0
50	13.658	Running	0	0	1	0	0	0	649	628	-5670.300	-10075.700	1440.400	196.300	-330.029	1620.020	39.996	-106.300	0.000	0.000	18.000	0.971	2.100	0	2.200	0.000	0.000	0.000	-4270.020	-2259.961	5529.717	-683.583	1326.476	102	101	95	95	54	459.530	468.792	-57.381	18.000	-0.971	0	0	0
51	13.922	Running	0	0	1	0	0	0	649	624	-5670.500	-10076.000	1440.400	199.600	-350.000	1590.039	39.996	-109.600	0.360	36.023	18.000	0.971	2.300	0	2.400	0.200	36.023	0.000	-4270.020	-2259.961	5494.457	-703.553	1306.505	102	101	95	95	53	453.201	468.492	-60.484	18.000	-0.905	0	0	0
52	14.184	Running	0	0	1	0	0	0	649	624	-5670.500	-10076.000	1440.400	199.600	-350.000	1590.039	39.996	-109.600	0.000	0.000	18.000	0.905	2.300	0	2.400	0.000	0.000	0.000	-4270.020	-2259.961	5494.457	-703.553	1306.505	102	101	95	95	53	453.201	468.203	-60.484	18.000	-0.905	0	0	0
53	14.460	Running	0	0	1	0	0	0	649	624	-5670.500	-10076.000	1440.400	199.600	-350.000	1590.039	39.996	-109.600	0.000	0.000	18.000	0.905	2.300	0	2.400	0.000	0.000	0.000	-4270.020	-2259.961	5494.457	-703.553	1306.505	102	101	95	95	53	453.201	467.925	-60.484	18.000	-0.905	0	0	0
54	14.723	Running	0	0	1	0	0	0	649	624	-5670.500	-10076.000	1440.400	199.600	-350.000	1590.039	39.996	-109.600	0.000	0.000	18.000	0.905	2.300	0	2.400	0.000	0.000	0.000	-4270.020	-2259.961	5494.457	-703.553	1306.505	102	101	95	95	53	453.201	467.658	-60.484	18.000	-0.905	0	0	0
55	14.994	Running	0	0	1	0	0	0	649	622	-5670.600	-10076.200	1440.400	202.800	-360.010	1570.020	39.996	-112.800	0.224	22.383	18.000	0.905	2.500	0	2.700	0.300	22.383	0.000	-4270.020	-2259.961	5473.292	-713.563	1296.495	102	100	95	95	52	447.007	467.289	-63.946	18.000	-0.842	0	0	0
56	15.277	Running	0	0	1	0	0	0	649	622	-5670.600	-10076.200	1440.400	202.800	-360.010	1570.020	39.996	-112.800	0.000	0.000	18.000	0.842	2.500	0	2.700	0.000	0.000	0.000	-4270.020	-2259.961	5473.292	-713.563	1296.495	102	100	95	95	52	447.007	466.933	-63.946	18.000	-0.842	0	0	0
57	15.540	Running	0	0	1	0	0	0	649	622	-5670.600	-10076.200	1440.400	202.800	-360.010	1570.020	39.996	-112.800	0.000	0.000	18.000	0.842	2.500	0	2.700	0.000	0.000	0.000	-4270.020	-2259.961	5473.292	-713.563	1296.495	102	100	95	95	52	447.007	466.590	-63.946	18.000	-0.842	0	0	0
58	15.797	Running	0	0	1	0	0	0	649	618	-5670.800	-10076.400	1440.400	205.200	-380.029	1550.000	39.996	-115.200	0.283	28.312	18.000	0.842	2.700	0	3.000	0.300	28.312	0.000	-4270.020	-2259.961	5444.982	-733.583	1276.476	101	100	94	94	52	447.007	466.258	-61.546	18.000	-0.774	0	0	0
59	16.075	Running	0	0	1	0	0	0	649	618	-5670.800	-10076.400	1440.400	205.200	-380.029	1550.000	39.996	-115.200	0.000	0.000	18.000	0.774	2.700	0	3.000	0.000	0.000	0.000	-4270.020	-2259.961	5444.982	-733.583	1276.476	101	100	94	94	52	447.007	465.937	-61.546	18.000	-0.774	0	0	0
60	16.500	Running	0	0	1	0	0	0	649	618	-5670.800	-10076.400	1440.400	205.200	-380.029	1550.000	39.996	-115.200	0.000	0.000	18.000	0.774	2.700	0	3.000	0.000	0.000	0.000	-4270.020	-2259.961	5444.982	-733.583	1276.476	101	100	94	94	52	447.007	465.627	-61.546	18.000	-0.774	0	0	0
61	16.773	Running	0	0	1	0	0	0	649	616	-5670.900	-10076.601	1440.400	207.200	-389.990	1529.980	39.996	-117.200	0.224	22.361	18.000	0.774	2.900	0	3.200	0.200	22.361	0.000	-4270.020	-2259.961	5423.862	-743.544	1266.515	101	99	94	94	51	440.924	465.228	-66.330	18.000	-0.746	0	0	0
62	17.043	Running	0	0	1	0	0	0	649	616	-5670.900	-10076.601	1440.400	207.200	-389.990	1529.980	39.996	-117.200	0.000	0.000	18.000	0.746	2.900	0	3.200	0.000	0.000	0.000	-4270.020	-2259.961	5423.862	-743.544	1266.515	101	99	94	94	51	440.924	464.842	-66.330	18.000	-0.746	0	0	0
63	17.309	Running	0	0	1	0	0	0	649	616	-5670.900	-10076.601	1440.400	207.200	-389.990	1529.980	39.996	-117.200	0.000	0.000	18.000	0.746	2.900	0	3.200	0.000	0.000	0.000	-4270.020	-2259.961	5423.862	-743.544	1266.515	101	99	94	94	51	440.924	464.469	-66.330	18.000	-0.746	0	0	0
64	17.590	Running	0	0	1	0	0	0	649	616	-5670.900	-10076.601	1440.400	207.200	-389.990	1529.980	39.996	-117.200	0.000	0.000	18.000	0.746	2.900	0	3.200	0.000	0.000	0.000	-4270.020	-2259.961	5423.862	-743.544	1266.515	101	99	94	94	51	440.924	464.106	-66.330	18.000	-0.746	0	0	0
65	17.869	Running	0	0	1	0	0	0	649	613	-5671.100	-10076.800	1440.500	209.600	-410.010	1510.058	49.994	-119.600	0.300	29.960	18.000	0.746	3.200	0	3.500	0.300	28.243	0.000	-4270.020	-2259.961	5395.621	-763.563	1246.495	101	99	94	94	51	440.982	463.756	-63.865	18.000	-0.677	0	0	0
66	18.132	Running	0	0	1	0	0	0	649	613	-5671.100	-10076.800	1440.500	209.600	-410.010	1510.058	49.994	-119.600	0.000	0.000	18.000	0.677	3.200	0	3.500	0.000	0.000	0.000	-4270.020	-2259.961	5395.621	-763.563	1246.495	101	99	94	94	51	440.982	463.416	-63.865	18.000	-0.677	0	0	0
67	18.403	Running	0	0	1	0	0	0	649	613	-5671.100	-10076.800	1440.500	209.600	-410.010	1510.058	49.994	-119.600	0.000	0.000	18.000	0.677	3.200	0	3.500	0.000	0.000	0.000	-4270.020	-2259.961	5395.621	-763.563	1246.495	101	99	94	94	51	440.982	463.086	-63.865	18.000	-0.677	0	0	0
68	18.676	Running	0	0	1	0	0	0	649	613	-5671.100	-10076.800	1440.500	209.600	-410.010	1510.058	49.994	-119.600	0.000	0.000	18.000	0.677	3.200	0	3.500	0.000	0.000	0.000	-4270.020	-2259.961	5395.621	-763.563	1246.495	101	99	94	94	51	440.982	462.766	-63.865	18.000	-0.677	0	0	0
69	18.979	Running	0	0	1	0	0	0	649	609	-5671.300	-10077.101	1440.500	211.400	-430.029	1479.980	49.994	-121.400	0.361	36.131	18.000	0.677	3.400	0	3.800	0.300	36.131	0.000	-4270.020	-2259.961	5360.288	-783.583	1226.476	100	98	93	93	51	435.045	462.370	-68.753	18.000	-0.656	0	0	0
70	19.265	Running	0	0	1	0	0	0	649	609	-5671.300	-10077.101	1440.500	211.400	-430.029	1479.980	49.994	-121.400	0.000	0.000	18.000	0.656	3.400	0	3.800	0.000	0.000	0.000	-4270.020	-2259.961	5360.288	-783.583	1226.476	100	98	93	93	51	435.045	461.985	-68.753	18.000	-0.656	0	0	0
71	19.593	Running	0	0	1	0	0	0	649	609	-5671.300	-10077.101	1440.500	211.400	-430.029	1479.980	49.994	-121.400	0.000	0.000	18.000	0.656	3.400	0	3.800	0.000	0.000	0.000	-4270.020	-2259.961	5360.288	-783.583	1226.476	100	98	93	93	51	435.045	461.611	-68.753	18.000	-0.656	0	0	0
72	19.927	Running: path-reverse	0	1	1	0	0	0	649	642	-5664.100	-10080.200	1440.900	181.300	289.990	1170.020	89.996	-91.300	7.849	784.923	18.000	0.656	2.800	0	12.200	8.400	783.903	0.000	-4270.020	-2259.961	5706.002	-63.563	1523.573	115	92	108	99	1	500.000	462.137	-133.700	-18.000	1.000	0	0	0
73	20.429	Running: path-reverse	0	1	1	0	0	0	649	642	-5664.100	-10080.200	1440.900	181.300	289.990	1170.020	89.996	-91.300	0.000	0.000	-18.000	-1.000	2.800	0	12.200	0.000	0.000	0.000	-4270.020	-2259.961	5706.002	-63.563	1523.573	115	92	108	99	1	500.000	462.648	-133.700	-18.000	1.000	0	0	0
74	20.731	Running: path-reverse	0	1	1	0	0	0	649	642	-5664.100	-10080.200	1440.900	181.300	289.990	1170.020	89.996	-91.300	0.000	0.000	-18.000	-1.000	2.800	0	12.200	0.000	0.000	0.000	-4270.020	-2259.961	5706.002	-63.563	1523.573	115	92	108	99	1	500.000	463.146	-133.700	-18.000	1.000	0	0	0
75	21.005	Running: path-reverse	0	1	1	0	0	0	649	638	-5664.300	-10080.500	1440.700	182.900	269.971	1140.039	70.001	-92.900	0.412	41.224	-18.000	-1.000	2.800	0	12.500	0.300	36.050	0.000	-4270.020	-2259.961	5671.994	-83.583	1493.592	114	92	107	99	1	500.000	463.631	-132.100	-18.000	1.000	0	0	0
76	21.291	Running: path-reverse	0	1	1	0	0	0	649	638	-5664.300	-10080.500	1440.700	182.900	269.971	1140.039	70.001	-92.900	0.000	0.000	-18.000	-1.000	2.800	0	12.500	0.000	0.000	0.000	-4270.020	-2259.961	5671.994	-83.583	1493.592	114	92	107	99	1	500.000	464.104	-132.100	-18.000	1.000	0	0	0
77	21.569	Running: path-reverse	0	1	1	0	0	0	649	638	-5664.300	-10080.500	1440.700	182.900	269.971	1140.039	70.001	-92.900	0.000	0.000	-18.000	-1.000	2.800	0	12.500	0.000	0.000	0.000	-4270.020	-2259.961	5671.994	-83.583	1493.592	114	92	107	99	1	500.000	464.564	-132.100	-18.000	1.000	0	0	0
78	21.868	Running: path-reverse	0	1	1	0	0	0	649	638	-5664.300	-10080.500	1440.700	182.900	269.971	1140.039	70.001	-92.900	0.000	0.000	-18.000	-1.000	2.800	0	12.500	0.000	0.000	0.000	-4270.020	-2259.961	5671.994	-83.583	1493.592	114	92	107	99	1	500.000	465.012	-132.100	-18.000	1.000	0	0	0
79	22.156	Running: path-reverse	0	1	1	0	0	0	649	635	-5664.400	-10080.700	1440.400	182.200	260.010	1120.020	39.996	-92.200	0.374	37.421	-18.000	-1.000	2.600	0	12.900	0.400	22.361	0.000	-4270.020	-2259.961	5652.029	-93.544	1473.573	114	91	107	98	1	500.000	465.450	-132.800	-18.000	1.000	0	0	0
80	22.439	Running: path-reverse	0	1	1	0	0	0	649	635	-5664.400	-10080.700	1440.400	182.200	260.010	1120.020	39.996	-92.200	0.000	0.000	-18.000	-1.000	2.600	0	12.900	0.000	0.000	0.000	-4270.020	-2259.961	5652.029	-93.544	1473.573	114	91	107	98	1	500.000	465.876	-132.800	-18.000	1.000	0	0	0
81	22.747	Running: path-reverse	0	1	1	0	0	0	649	634	-5664.400	-10080.900	1440.300	180.700	260.010	1100.000	29.999	-90.700	0.224	22.377	-18.000	-1.000	1.800	0	13.100	0.200	20.020	0.000	-4270.020	-2259.961	5640.080	-93.544	1453.553	114	91	107	98	1	500.000	466.292	-134.300	-18.000	1.000	0	0	0
82	23.044	Running: path-reverse	0	1	1	0	0	0	649	634	-5664.400	-10080.900	1440.300	180.700	260.010	1100.000	29.999	-90.700	0.000	0.000	-18.000	-1.000	1.800	0	13.100	0.000	0.000	0.000	-4270.020	-2259.961	5640.080	-93.544	1453.553	114	91	107	98	1	500.000	466.699	-134.300	-18.000	1.000	0	0	0
83	23.311	Running: path-reverse	0	1	1	0	0	0	649	634	-5664.400	-10080.900	1440.300	180.700	260.010	1100.000	29.999	-90.700	0.000	0.000	-18.000	-1.000	1.800	0	13.100	0.000	0.000	0.000	-4270.020	-2259.961	5640.080	-93.544	1453.553	114	91	107	98	1	500.000	467.095	-134.300	-18.000	1.000	0	0	0
84	23.674	Running: path-reverse	0	1	1	0	0	0	649	634	-5664.400	-10080.900	1440.300	180.700	260.010	1100.000	29.999	-90.700	0.000	0.000	-18.000	-1.000	1.800	0	13.100	0.000	0.000	0.000	-4270.020	-2259.961	5640.080	-93.544	1453.553	114	91	107	98	1	500.000	467.482	-134.300	-18.000	1.000	0	0	0
85	24.024	Running: path-reverse	0	1	1	0	0	0	649	633	-5664.400	-10081.000	1440.300	178.900	260.010	1090.039	29.999	-88.900	0.100	9.961	-18.000	-1.000	1.600	0	13.300	0.200	9.961	0.000	-4270.020	-2259.961	5634.152	-93.544	1443.592	114	91	107	98	1	500.000	467.860	-136.100	-18.000	1.000	0	0	0
86	24.307	Running: path-reverse	0	1	1	0	0	0	649	633	-5664.400	-10081.000	1440.300	178.900	260.010	1090.039	29.999	-88.900	0.000	0.000	-18.000	-1.000	1.600	0	13.300	0.000	0.000	0.000	-4270.020	-2259.961	5634.152	-93.544	1443.592	114	91	107	98	1	500.000	468.230	-136.100	-18.000	1.000	0	0	0
87	24.635	Running: path-reverse	0	1	1	0	0	0	649	633	-5664.400	-10081.000	1440.300	178.900	260.010	1090.039	29.999	-88.900	0.000	0.000	-18.000	-1.000	1.600	0	13.300	0.000	0.000	0.000	-4270.020	-2259.961	5634.152	-93.544	1443.592	114	91	107	98	1	500.000	468.591	-136.100	-18.000	1.000	0	0	0
88	24.926	Running: path-reverse	0	1	1	0	0	0	649	633	-5664.300	-10081.101	1440.500	177.400	269.971	1079.980	49.994	-87.400	0.245	24.499	-18.000	-1.000	1.500	0	13.500	0.200	14.156	0.000	-4270.020	-2259.961	5636.197	-83.583	1433.534	114	90	107	97	1	500.000	468.944	-137.600	-18.000	1.000	0	0	0
89	25.206	Running: path-reverse	0	1	1	0	0	0	649	633	-5664.300	-10081.101	1440.500	177.400	269.971	1079.980	49.994	-87.400	0.000	0.000	-18.000	-1.000	1.500	0	13.500	0.000	0.000	0.000	-4270.020	-2259.961	5636.197	-83.583	1433.534	114	90	107	97	1	500.000	469.289	-137.600	-18.000	1.000	0	0	0
90	25.483	Running: path-reverse	0	1	1	0	0	0	649	633	-5664.300	-10081.101	1440.500	177.400	269.971	1079.980	49.994	-87.400	0.000	0.000	-18.000	-1.000	1.500	0	13.500	0.000	0.000	0.000	-4270.020	-2259.961	5636.197	-83.583	1433.534	114	90	107	97	1	500.000	469.626	-137.600	-18.000	1.000	0	0	0
91	25.767	Running: path-reverse	0	1	1	0	0	0	649	633	-5664.200	-10081.200	1440.600	176.200	279.980	1070.020	59.992	-86.200	0.173	17.302	-18.000	-1.000	1.500	0	13.700	0.200	14.121	0.000	-4270.020	-2259.961	5638.375	-73.573	1423.573	115	90	107	97	1	500.000	469.956	-138.800	-18.000	1.000	0	0	0
92	26.140	Running: path-reverse	0	1	1	0	0	0	649	633	-5664.200	-10081.200	1440.600	176.200	279.980	1070.020	59.992	-86.200	0.000	0.000	-18.000	-1.000	1.500	0	13.700	0.000	0.000	0.000	-4270.020	-2259.961	5638.375	-73.573	1423.573	115	90	107	97	1	500.000	470.279	-138.800	-18.000	1.000	0	0	0
93	26.410	Running: path-reverse	0	1	1	0	0	0	649	633	-5664.200	-10081.200	1440.600	176.200	279.980	1070.020	59.992	-86.200	0.000	0.000	-18.000	-1.000	1.500	0	13.700	0.000	0.000	0.000	-4270.020	-2259.961	5638.375	-73.573	1423.573	115	90	107	97	1	500.000	470.596	-138.800	-18.000	1.000	0	0	0
94	26.700	Running: path-reverse	0	1	1	0	0	0	649	633	-5664.200	-10081.200	1440.600	176.200	279.980	1070.020	59.992	-86.200	0.000	0.000	-18.000	-1.000	1.500	0	13.700	0.000	0.000	0.000	-4270.020	-2259.961	5638.375	-73.573	1423.573	115	90	107	97	1	500.000	470.905	-138.800	-18.000	1.000	0	0	0
95	26.996	Running: path-reverse	0	1	1	0	0	0	649	632	-5664.200	-10081.300	1440.700	174.900	279.980	1060.058	70.001	-84.900	0.141	14.121	-18.000	-1.000	1.400	0	13.800	0.100	9.961	0.000	-4270.020	-2259.961	5632.498	-73.573	1413.612	115	90	107	97	1	500.000	471.208	-140.100	-18.000	1.000	0	0	0
96	27.282	Running: path-reverse	0	1	1	0	0	0	649	632	-5664.200	-10081.300	1440.700	174.900	279.980	1060.058	70.001	-84.900	0.000	0.000	-18.000	-1.000	1.400	0	13.800	0.000	0.000	0.000	-4270.020	-2259.961	5632.498	-73.573	1413.612	115	90	107	97	1	500.000	471.505	-140.100	-18.000	1.000	0	0	0
97	27.558	Running: path-reverse	0	1	1	0	0	0	649	632	-5664.200	-10081.300	1440.700	174.900	279.980	1060.058	70.001	-84.900	0.000	0.000	-18.000	-1.000	1.400	0	13.800	0.000	0.000	0.000	-4270.020	-2259.961	5632.498	-73.573	1413.612	115	90	107	97	1	500.000	471.796	-140.100	-18.000	1.000	0	0	0
98	27.826	Running: path-reverse	0	1	1	0	0	0	649	631	-5664.200	-10081.400	1440.600	173.500	279.980	1050.000	59.992	-83.500	0.142	14.190	-18.000	-1.000	1.300	0	14.000	0.200	10.059	0.000	-4270.020	-2259.961	5626.575	-73.573	1403.553	115	90	107	97	1	500.000	472.081	-141.500	-18.000	1.000	0	0	0
99	28.103	Running: path-reverse	0	1	1	0	0	0	649	631	-5664.200	-10081.400	1440.600	173.500	279.980	1050.000	59.992	-83.500	0.000	0.000	-18.000	-1.000	1.300	0	14.000	0.000	0.000	0.000	-4270.020	-2259.961	5626.575	-73.573	1403.553	115	90	107	97	1	500.000	472.360	-141.500	-18.000	1.000	0	0	0
100	28.403	Running: path-reverse	0	1	1	0	0	0	649	631	-5664.200	-10081.400	1440.600	173.500	279.980	1050.000	59.992	-83.500	0.000	0.000	-18.000	-1.000	1.300	0	14.000	0.000	0.000	0.000	-4270.020	-2259.961	5626.575	-73.573	1403.553	115	90	107	97	1	500.000	472.633	-141.500	-18.000	1.000	0	0	0
